      0/29        0G       8.3      63.8         0      72.1         1       512         0         0  0.000157         0      7.73      2.29         0
      1/29        0G      6.53      1.78         0      8.31         0       512         0         0  0.000144         0      7.01       0.9         0
      2/29        0G      6.81      1.58         0      8.39         3       512         0         0         0         0      6.12      1.05         0
      3/29        0G      5.92       1.8         0      7.72         2       512         0         0         0         0      6.01      1.23         0
      4/29        0G      5.31      2.54         0      7.85         2       512         0         0         0         0      5.29      1.37         0
      5/29        0G      5.09       2.4         0      7.49         1       512         0         0         0         0      5.47      1.28         0
      6/29        0G      4.64      1.92         0      6.56         1       512         0         0    0.0626         0      5.29      1.09         0
      7/29        0G       5.3      2.52         0      7.83         2       512         1    0.0303    0.0436    0.0588      5.95      1.12         0
      8/29        0G      4.72         2         0      6.72         3       512         1    0.0303     0.106    0.0588      4.63         1         0
      9/29        0G      4.42      1.87         0      6.29         1       512     0.417    0.0909     0.116     0.149      4.88     0.754         0
     10/29        0G      4.57      1.49         0      6.07         1       512     0.137     0.152    0.0465     0.144      4.95     0.667         0
     11/29        0G      4.71       1.3         0      6.01         2       512     0.107     0.333     0.167     0.162      4.99      0.88         0
     12/29        0G      4.65      1.17         0      5.82         1       512    0.0852     0.303     0.176     0.133      4.56      1.16         0
     13/29        0G      4.36     0.833         0      5.19         1       512    0.0945     0.545     0.113     0.161      5.75      1.23         0
     14/29        0G      5.44     0.762         0      6.21         3       512     0.206     0.576     0.214     0.303      4.89     0.401         0
     15/29        0G      3.92     0.674         0       4.6         0       512     0.195     0.606     0.191     0.295      4.82     0.403         0
     16/29        0G      3.91     0.726         0      4.63         5       512     0.314     0.455     0.401     0.372      3.65     0.441         0
     17/29        0G      3.83      0.57         0       4.4         1       512     0.297     0.485     0.298     0.369      4.09     0.408         0
     18/29        0G      4.19     0.746         0      4.93         3       512     0.386     0.485     0.435      0.43      3.87      0.41         0
     19/29        0G      3.79     0.628         0      4.42         2       512     0.418     0.545     0.514     0.473      3.54     0.384         0
     20/29        0G      4.06      0.54         0       4.6         3       512     0.494     0.485      0.52     0.489      3.47     0.365         0
     21/29        0G      3.34     0.443         0      3.79         1       512     0.466     0.667     0.513     0.548      3.88      0.34         0
     22/29        0G      3.09     0.408         0       3.5         0       512     0.539     0.667      0.58     0.596      3.28     0.339         0
     23/29        0G      2.87     0.408         0      3.28         1       512     0.606     0.697     0.645     0.648       3.2     0.336         0
     24/29        0G      2.88     0.407         0      3.29         1       512     0.493     0.678     0.597     0.571      3.27     0.328         0
     25/29        0G      3.07     0.457         0      3.53         2       512     0.522     0.667     0.616     0.586      2.88     0.323         0
     26/29        0G      2.91     0.407         0      3.32         1       512     0.513     0.697     0.623     0.591      3.14     0.316         0
     27/29        0G      2.79     0.423         0      3.21         1       512     0.532     0.688     0.633       0.6      2.81     0.307         0
     28/29        0G      2.64     0.367         0      3.01         0       512     0.579     0.697     0.629     0.633      2.82     0.301         0
     29/29        0G      2.59       0.4         0      2.99         1       512     0.615     0.697     0.655     0.653      2.72     0.301         0
